100 98
100 65
100 48
100 95
100 122
100 45
100 57
100 56
100 56
100 56
100 42
100 43
100 43
100 42
100 43
100 73
100 48
100 114
100 63
100 47
100 43
100 42
100 43
100 65
100 48
100 48
100 48
100 44
100 52
100 46
100 43
100 42
100 42
100 44
100 43
100 43
100 43
100 43
100 43
100 46
100 42
100 43
100 51
100 48
100 48
100 55
100 81
100 54
100 46
200 44
200 50
200 64
200 47
200 44
200 44
200 44
200 43
200 44
200 44
200 44
200 44
200 44
200 44
200 44
200 44
200 44
200 44
200 43
200 43
200 43
200 44
200 43
200 44
200 43
200 70
200 43
200 66
200 45
200 43
200 42
200 42
200 42
200 42
200 42
200 42
200 42
200 41
200 41
200 41
200 66
200 45
200 63
200 42
200 43
200 42
200 41
200 42
200 41
300 42
300 42
300 41
300 42
300 41
300 42
300 87
300 48
300 42
300 42
300 42
300 43
300 42
300 43
300 42
300 58
300 42
300 43
300 42
300 43
300 42
300 43
300 42
300 43
300 43
300 43
300 42
300 43
300 42
300 42
300 45
300 42
300 43
300 42
300 40
300 41
300 40
300 41
300 42
300 44
300 41
300 41
300 40
300 56
300 41
300 40
300 41
300 41
300 41
400 41
400 41
400 41
400 57
400 41
400 42
400 40
400 41
400 41
400 43
400 41
400 41
400 41
400 41
400 41
400 41
400 41
400 41
400 41
400 41
400 41
400 41
400 41
400 48
400 41
400 69
400 59
400 44
400 41
400 42
400 42
400 42
400 41
400 42
400 41
400 41
400 42
400 41
400 41
400 41
400 41
400 42
400 41
400 41
400 47
400 41
400 41
400 53
400 41
500 41
500 83
500 41
500 41
500 66
500 41
500 41
500 41
500 41
500 42
500 41
500 42
500 42
500 42
500 42
500 42
500 42
500 49
500 76
500 96
500 76
500 59
500 59
500 66
500 60
500 59
500 59
500 60
500 44
500 44
500 45
500 45
500 44
500 44
500 45
500 45
500 44
500 45
500 51
500 64
500 48
500 45
500 44
500 45
500 44
500 44
500 44
500 44
500 45
600 45
600 45
600 44
600 44
600 45
600 46
600 45
600 42
600 41
600 42
600 41
600 42
600 41
600 41
600 41
600 41
600 41
600 41
600 72
600 41
600 41
600 42
600 42
600 42
600 42
600 41
600 48
600 41
600 42
600 42
600 41
600 42
600 44
600 43
600 44
600 42
600 41
600 41
600 41
600 42
600 41
600 41
600 41
600 41
600 41
600 41
600 42
600 40
600 69
700 45
700 42
700 42
700 42
700 42
700 42
700 41
700 48
700 42
700 42
700 42
700 41
700 42
700 42
700 42
700 42
700 42
700 41
700 42
700 42
700 44
700 48
700 44
700 47
700 67
700 50
700 49
700 45
700 44
700 70
700 47
700 45
700 45
700 44
700 52
700 49
700 46
700 46
700 46
700 45
700 45
700 46
700 46
700 45
700 45
700 45
700 46
700 46
700 46
800 46
800 46
800 46
800 46
800 46
800 47
800 46
800 45
800 46
800 45
800 51
800 49
800 46
800 46
800 46
800 47
800 46
800 46
800 45
800 46
800 46
800 47
800 44
800 43
800 60
800 46
800 43
800 42
800 42
800 42
800 42
800 42
800 42
800 42
800 42
800 44
800 44
800 44
800 43
800 44
800 44
800 44
800 44
800 44
800 44
800 44
800 45
800 45
800 44
900 44
900 44
900 44
900 44
900 45
900 44
900 45
900 44
900 44
900 44
900 42
900 43
900 42
900 42
900 71
900 45
900 42
900 42
900 43
900 43
900 42
900 43
900 43
900 42
900 42
900 42
900 42
900 43
900 42
900 42
900 42
900 42
900 43
900 42
900 42
900 42
900 42
900 42
900 42
900 70
900 43
900 42
900 42
900 43
900 42
900 42
900 42
900 42
900 42
1000 42
1000 41
1000 43
1000 43
1000 59
1000 42
1000 51
1000 80
1000 42
1000 42
1000 43
1000 41
1000 59
1000 42
1000 43
1000 42
1000 43
1000 42
1000 43
1000 42
1000 42
1000 42
1000 43
1000 43
1000 43
1000 42
1000 43
1000 42
1000 43
1000 42
1000 42
1000 42
1000 42
1000 69
1000 63
1000 59
1000 46
1000 43
1000 42
1000 43
1000 57
1000 46
1000 69
1000 45
1000 94
1000 47
1000 44
1000 47
1000 63
